0.000000000000000000e+00
1.001001001001000992e-02
2.002002002002001985e-02
3.003003003003002977e-02
4.004004004004003969e-02
5.005005005005004615e-02
6.006006006006005954e-02
7.007007007007007293e-02
8.008008008008007939e-02
9.009009009009008584e-02
1.001001001001000923e-01
1.101101101101101126e-01
1.201201201201201191e-01
1.301301301301301394e-01
1.401401401401401459e-01
1.501501501501501523e-01
1.601601601601601588e-01
1.701701701701701652e-01
1.801801801801801717e-01
1.901901901901901781e-01
2.002002002002001846e-01
2.102102102102102188e-01
2.202202202202202252e-01
2.302302302302302317e-01
2.402402402402402382e-01
2.502502502502502724e-01
2.602602602602602788e-01
2.702702702702702853e-01
2.802802802802802917e-01
2.902902902902902982e-01
3.003003003003003046e-01
3.103103103103103111e-01
3.203203203203203175e-01
3.303303303303303240e-01
3.403403403403403304e-01
3.503503503503503369e-01
3.603603603603603434e-01
3.703703703703703498e-01
3.803803803803803563e-01
3.903903903903903627e-01
4.004004004004003692e-01
4.104104104104104311e-01
4.204204204204204376e-01
4.304304304304304440e-01
4.404404404404404505e-01
4.504504504504504570e-01
4.604604604604604634e-01
4.704704704704704699e-01
4.804804804804804763e-01
4.904904904904904828e-01
5.005005005005005447e-01
5.105105105105105512e-01
5.205205205205205576e-01
5.305305305305305641e-01
5.405405405405405705e-01
5.505505505505505770e-01
5.605605605605605835e-01
5.705705705705705899e-01
5.805805805805805964e-01
5.905905905905906028e-01
6.006006006006006093e-01
6.106106106106106157e-01
6.206206206206206222e-01
6.306306306306306286e-01
6.406406406406406351e-01
6.506506506506506415e-01
6.606606606606606480e-01
6.706706706706706544e-01
6.806806806806806609e-01
6.906906906906906674e-01
7.007007007007006738e-01
7.107107107107106803e-01
7.207207207207206867e-01
7.307307307307306932e-01
7.407407407407406996e-01
7.507507507507507061e-01
7.607607607607607125e-01
7.707707707707707190e-01
7.807807807807807254e-01
7.907907907907907319e-01
8.008008008008007383e-01
8.108108108108108558e-01
8.208208208208208623e-01
8.308308308308308687e-01
8.408408408408408752e-01
8.508508508508508816e-01
8.608608608608608881e-01
8.708708708708708945e-01
8.808808808808809010e-01
8.908908908908909074e-01
9.009009009009009139e-01
9.109109109109109204e-01
9.209209209209209268e-01
9.309309309309309333e-01
9.409409409409409397e-01
9.509509509509509462e-01
9.609609609609609526e-01
9.709709709709709591e-01
9.809809809809809655e-01
9.909909909909909720e-01
